34961.808200
28196.908600
63071.132400
45342.430000
32045.903200
61438.225600
50940.967600
63770.949600
39393.983800
22598.371000
30296.360200
128853.949200
30529.632600
61788.134200
29479.906800
26447.365600
37994.349400
23531.460600
38694.166600
46158.883400
35894.897800
200118.667400
27730.363800
37527.804600
28546.817200
184722.689000
113341.334600
91530.365200
117423.601600
222629.454000
24931.095000
40560.345800
71585.575000
32395.811800
59455.410200
56189.596600
58172.412000
29129.998200
113457.970800
37761.077000
26797.274200
43942.795600
100278.080200
30996.177400
54906.598400
46392.155800
22831.643400
31346.086000
100161.444000
28313.544800
51640.784800
25630.912200
50241.150400
52340.602000
37527.804600
37877.713200
36827.987400
29479.906800
72285.392200
73918.299000
66686.854600
24114.641600
211898.923600
137601.664200
184839.325200
47908.426400
60505.136000
83132.558800
27847.000000
200935.120800
81966.196800
49191.424600
33795.446200
48025.062600
22365.098600
40093.801000
51640.784800
22481.734800
83482.467400
23298.188200
30529.632600
24231.277800
37877.713200
77650.657400
39743.892400
63071.132400
70769.121600
33678.810000
28080.272400
22715.007200
30296.360200
52807.146800
32162.539400
25630.912200
60388.499800
119872.961800
27147.182800
